10
16 1
5720 9647 4158 8261 1122 9493 6028 44 7579 2134 4521 5874 7051 308 6369 1232
4188
2 11
8385 3225
6570 2312 2122 9273 3221 6167 9988 908 6449 8947 6526
15 5
8652 2688 2142 7644 7938 9492 1470 5838 4116 5208 3948 5082 8190 4746 2310
2079 858 7704 6936 2160
7 1
6567 66 4026 3894 1089 1188 6237
8372
8 7
4104 9180 5724 8154 1458 8235 2619 5211
5264 1316 9729 2773 3525 9870 7379
19 13
3145 6919 4181 8029 5883 8769 4107 6660 6438 5846 6216 2516 5883 518 3034 8806 4218 6623 2220
3440 8944 7138 9159 2623 7998 2924 8299 4945 5633 9632 8944 8557
13 17
6900 7038 8924 1058 4922 8234 2668 2645 5980 7291 1886 1311 5888
8204 1568 7392 2408 2436 8316 728 3192 1764 2016 2184 420 5236 5572 392 504 4788
8 10
1359 6498 8046 108 6579 2988 4347 6237
5700 2350 2330 9650 2270 250 110 5660 5620 2300
6 11
3195 3510 5535 1485 5625 2205
912 6802 7258 7562 7676 722 9728 1596 6802 8892 3572
1 13
576
8932 3108 8680 9044 3136 2996 5572 588 5908 4928 952 4228 7196
